# 3ds Max Wavefront OBJ Exporter v0.97b - (c)2007 guruware
# File Created: 06.09.2017 12:25:44

mtllib Ruler.mtl

#
# object Box22322
#

v  -197451.0781 393034.0000 232843.4063
v  -201953.1406 393034.0000 257316.5313
v  -497928.1250 393034.0000 202869.2500
v  -493426.0625 393034.0000 178396.1250
v  -497928.1250 393706.6563 202869.2500
v  -201953.1406 393706.6563 257316.5313
v  -197451.0781 393706.6563 232843.4063
v  -493426.0625 393706.6563 178396.1250
v  -499640.3750 393034.0000 212177.0000
v  -203665.3906 393034.0000 266624.2813
v  -203665.3906 393187.2188 266624.2813
v  -499640.3750 393187.2188 212177.0000
# 12 vertices

vn 0.0000 -1.0000 -0.0000
vn -0.0054 0.9995 0.0296
vn 0.0000 1.0000 -0.0000
vn -0.9835 0.0000 -0.1809
vn -0.1809 0.0000 0.9835
vn 0.9835 0.0000 0.1809
vn 0.1809 0.0000 -0.9835
vn -0.0109 0.9982 0.0591
# 8 vertex normals

vt 1.0000 1.0000 0.0000
vt 0.5000 1.0000 0.0000
vt 0.5000 0.0000 0.0000
vt 1.0000 0.0000 0.0000
vt 0.0000 1.0000 0.0000
vt 0.0000 0.0000 0.0000
# 6 texture coords

g Box22322
usemtl _crayfishdiffuse
s off
f -12/-6/-8 -11/-5/-8 -10/-4/-8 -9/-3/-8 
f -8/-4/-7 -7/-5/-7 -6/-2/-6 -5/-1/-6 
f -10/-4/-5 -8/-5/-5 -5/-2/-5 -9/-1/-5 
f -4/-1/-4 -3/-3/-4 -2/-6/-4 -1/-2/-4 
f -11/-4/-3 -7/-5/-3 -2/-2/-3 -3/-1/-3 
f -12/-1/-2 -9/-3/-2 -5/-6/-2 -6/-2/-2 
f -3/-2/-8 -4/-1/-8 -10/-4/-8 -11/-5/-8 
f -1/-3/-1 -2/-6/-1 -7/-5/-7 -8/-4/-7 
f -4/-3/-5 -1/-6/-5 -8/-5/-5 -10/-4/-5 
f -12/-3/-3 -6/-6/-3 -7/-5/-3 -11/-4/-3 
# 10 polygons

#
# object Box22323
#

v  -488353.1250 393325.7813 213864.1563
v  -487025.6250 393611.1563 206647.7500
v  -486633.3750 393611.1563 206719.9063
v  -487960.8750 393325.7813 213936.3125
v  -488353.4688 393374.4375 213866.0156
v  -487961.2188 393374.4375 213938.1719
v  -486633.7188 393659.8125 206721.7813
v  -487025.9688 393659.8125 206649.6094
# 8 vertices

vn 0.0070 -0.9992 -0.0382
vn -0.0070 0.9992 0.0382
vn -0.1808 -0.0389 0.9828
vn 0.9835 -0.0000 0.1809
vn 0.1808 0.0389 -0.9828
vn -0.9835 0.0000 -0.1809
# 6 vertex normals

vt 1.0000 0.0000 0.0000
vt 1.0000 1.0000 0.0000
vt 0.0000 1.0000 0.0000
vt 0.0000 0.0000 0.0000
# 4 texture coords

g Box22323
usemtl 02___Default
s off
f -8/-4/-6 -7/-3/-6 -6/-2/-6 -5/-1/-6 
f -4/-1/-5 -3/-4/-5 -2/-3/-5 -1/-2/-5 
f -8/-1/-4 -5/-4/-4 -3/-3/-4 -4/-2/-4 
f -5/-1/-3 -6/-4/-3 -2/-3/-3 -3/-2/-3 
f -6/-1/-2 -7/-4/-2 -1/-3/-2 -2/-2/-2 
f -7/-1/-1 -8/-4/-1 -4/-3/-1 -1/-2/-1 
# 6 polygons

#
# object Box22324
#

v  -477768.0625 393325.7813 215810.8438
v  -476440.5625 393611.1563 208594.4375
v  -476048.3125 393611.1563 208666.5938
v  -477375.8125 393325.7813 215883.0000
v  -477768.4063 393374.4375 215812.7031
v  -477376.1563 393374.4375 215884.8594
v  -476048.6563 393659.8125 208668.4688
v  -476440.9063 393659.8125 208596.2969
# 8 vertices

vn 0.0070 -0.9992 -0.0382
vn -0.0070 0.9992 0.0382
vn -0.1808 -0.0389 0.9828
vn 0.9835 -0.0000 0.1809
vn 0.1808 0.0389 -0.9828
vn -0.9835 0.0000 -0.1809
# 6 vertex normals

vt 1.0000 0.0000 0.0000
vt 1.0000 1.0000 0.0000
vt 0.0000 1.0000 0.0000
vt 0.0000 0.0000 0.0000
# 4 texture coords

g Box22324
usemtl 02___Default
s off
f -8/-4/-6 -7/-3/-6 -6/-2/-6 -5/-1/-6 
f -4/-1/-5 -3/-4/-5 -2/-3/-5 -1/-2/-5 
f -8/-1/-4 -5/-4/-4 -3/-3/-4 -4/-2/-4 
f -5/-1/-3 -6/-4/-3 -2/-3/-3 -3/-2/-3 
f -6/-1/-2 -7/-4/-2 -1/-3/-2 -2/-2/-2 
f -7/-1/-1 -8/-4/-1 -4/-3/-1 -1/-2/-1 
# 6 polygons

#
# object Box22325
#

v  -467183.0625 393325.7813 217757.8125
v  -465855.5625 393611.1563 210541.4063
v  -465463.3125 393611.1563 210613.5625
v  -466790.8125 393325.7813 217829.9688
v  -467183.4063 393374.4375 217759.6719
v  -466791.1563 393374.4375 217831.8281
v  -465463.6563 393659.8125 210615.4375
v  -465855.9063 393659.8125 210543.2656
# 8 vertices

vn 0.0070 -0.9992 -0.0382
vn -0.0070 0.9992 0.0382
vn -0.1808 -0.0389 0.9828
vn 0.9835 -0.0000 0.1809
vn 0.1808 0.0389 -0.9828
vn -0.9835 0.0000 -0.1809
# 6 vertex normals

vt 1.0000 0.0000 0.0000
vt 1.0000 1.0000 0.0000
vt 0.0000 1.0000 0.0000
vt 0.0000 0.0000 0.0000
# 4 texture coords

g Box22325
usemtl 02___Default
s off
f -8/-4/-6 -7/-3/-6 -6/-2/-6 -5/-1/-6 
f -4/-1/-5 -3/-4/-5 -2/-3/-5 -1/-2/-5 
f -8/-1/-4 -5/-4/-4 -3/-3/-4 -4/-2/-4 
f -5/-1/-3 -6/-4/-3 -2/-3/-3 -3/-2/-3 
f -6/-1/-2 -7/-4/-2 -1/-3/-2 -2/-2/-2 
f -7/-1/-1 -8/-4/-1 -4/-3/-1 -1/-2/-1 
# 6 polygons

#
# object Box22326
#

v  -456598.1875 393325.7813 219705.4688
v  -455270.6875 393611.1563 212489.0625
v  -454878.4375 393611.1563 212561.2188
v  -456205.9375 393325.7813 219777.6250
v  -456598.5313 393374.4375 219707.3281
v  -456206.2813 393374.4375 219779.4844
v  -454878.7813 393659.8125 212563.0938
v  -455271.0313 393659.8125 212490.9219
# 8 vertices

vn 0.0070 -0.9992 -0.0382
vn -0.0070 0.9992 0.0382
vn -0.1808 -0.0389 0.9828
vn 0.9835 -0.0000 0.1809
vn 0.1808 0.0389 -0.9828
vn -0.9835 0.0000 -0.1809
# 6 vertex normals

vt 1.0000 0.0000 0.0000
vt 1.0000 1.0000 0.0000
vt 0.0000 1.0000 0.0000
vt 0.0000 0.0000 0.0000
# 4 texture coords

g Box22326
usemtl 02___Default
s off
f -8/-4/-6 -7/-3/-6 -6/-2/-6 -5/-1/-6 
f -4/-1/-5 -3/-4/-5 -2/-3/-5 -1/-2/-5 
f -8/-1/-4 -5/-4/-4 -3/-3/-4 -4/-2/-4 
f -5/-1/-3 -6/-4/-3 -2/-3/-3 -3/-2/-3 
f -6/-1/-2 -7/-4/-2 -1/-3/-2 -2/-2/-2 
f -7/-1/-1 -8/-4/-1 -4/-3/-1 -1/-2/-1 
# 6 polygons

#
# object Box22327
#

v  -446014.5000 393325.7813 221652.1875
v  -444687.0000 393611.1563 214435.7813
v  -444294.7500 393611.1563 214507.9375
v  -445622.2500 393325.7813 221724.3438
v  -446014.8438 393374.4375 221654.0469
v  -445622.5938 393374.4375 221726.2031
v  -444295.0938 393659.8125 214509.8125
v  -444687.3438 393659.8125 214437.6406
# 8 vertices

vn 0.0070 -0.9992 -0.0382
vn -0.0070 0.9992 0.0382
vn -0.1808 -0.0389 0.9828
vn 0.9835 -0.0000 0.1809
vn 0.1808 0.0389 -0.9828
vn -0.9835 0.0000 -0.1809
# 6 vertex normals

vt 1.0000 0.0000 0.0000
vt 1.0000 1.0000 0.0000
vt 0.0000 1.0000 0.0000
vt 0.0000 0.0000 0.0000
# 4 texture coords

g Box22327
usemtl 02___Default
s off
f -8/-4/-6 -7/-3/-6 -6/-2/-6 -5/-1/-6 
f -4/-1/-5 -3/-4/-5 -2/-3/-5 -1/-2/-5 
f -8/-1/-4 -5/-4/-4 -3/-3/-4 -4/-2/-4 
f -5/-1/-3 -6/-4/-3 -2/-3/-3 -3/-2/-3 
f -6/-1/-2 -7/-4/-2 -1/-3/-2 -2/-2/-2 
f -7/-1/-1 -8/-4/-1 -4/-3/-1 -1/-2/-1 
# 6 polygons

#
# object Box22328
#

v  -435429.5938 393325.7813 223599.5156
v  -434102.0938 393611.1563 216383.1094
v  -433709.8438 393611.1563 216455.2656
v  -435037.3438 393325.7813 223671.6719
v  -435429.9375 393374.4375 223601.3750
v  -435037.6875 393374.4375 223673.5313
v  -433710.1875 393659.8125 216457.1406
v  -434102.4375 393659.8125 216384.9688
# 8 vertices

vn 0.0070 -0.9992 -0.0382
vn -0.0070 0.9992 0.0382
vn -0.1808 -0.0389 0.9828
vn 0.9835 -0.0000 0.1809
vn 0.1808 0.0389 -0.9828
vn -0.9835 0.0000 -0.1809
# 6 vertex normals

vt 1.0000 0.0000 0.0000
vt 1.0000 1.0000 0.0000
vt 0.0000 1.0000 0.0000
vt 0.0000 0.0000 0.0000
# 4 texture coords

g Box22328
usemtl 02___Default
s off
f -8/-4/-6 -7/-3/-6 -6/-2/-6 -5/-1/-6 
f -4/-1/-5 -3/-4/-5 -2/-3/-5 -1/-2/-5 
f -8/-1/-4 -5/-4/-4 -3/-3/-4 -4/-2/-4 
f -5/-1/-3 -6/-4/-3 -2/-3/-3 -3/-2/-3 
f -6/-1/-2 -7/-4/-2 -1/-3/-2 -2/-2/-2 
f -7/-1/-1 -8/-4/-1 -4/-3/-1 -1/-2/-1 
# 6 polygons

#
# object Box22329
#

v  -424845.2188 393325.7813 225546.3750
v  -423517.7188 393611.1563 218329.9688
v  -423125.4688 393611.1563 218402.1250
v  -424452.9688 393325.7813 225618.5313
v  -424845.5625 393374.4375 225548.2344
v  -424453.3125 393374.4375 225620.3906
v  -423125.8125 393659.8125 218404.0000
v  -423518.0625 393659.8125 218331.8281
# 8 vertices

vn 0.0070 -0.9992 -0.0382
vn -0.0070 0.9992 0.0382
vn -0.1808 -0.0389 0.9828
vn 0.9835 -0.0000 0.1809
vn 0.1808 0.0389 -0.9828
vn -0.9835 0.0000 -0.1809
# 6 vertex normals

vt 1.0000 0.0000 0.0000
vt 1.0000 1.0000 0.0000
vt 0.0000 1.0000 0.0000
vt 0.0000 0.0000 0.0000
# 4 texture coords

g Box22329
usemtl 02___Default
s off
f -8/-4/-6 -7/-3/-6 -6/-2/-6 -5/-1/-6 
f -4/-1/-5 -3/-4/-5 -2/-3/-5 -1/-2/-5 
f -8/-1/-4 -5/-4/-4 -3/-3/-4 -4/-2/-4 
f -5/-1/-3 -6/-4/-3 -2/-3/-3 -3/-2/-3 
f -6/-1/-2 -7/-4/-2 -1/-3/-2 -2/-2/-2 
f -7/-1/-1 -8/-4/-1 -4/-3/-1 -1/-2/-1 
# 6 polygons

#
# object Box22330
#

v  -414260.9688 393325.7813 227493.8906
v  -412933.4688 393611.1563 220277.4844
v  -412541.2188 393611.1563 220349.6406
v  -413868.7188 393325.7813 227566.0469
v  -414261.3125 393374.4375 227495.7500
v  -413869.0625 393374.4375 227567.9063
v  -412541.5625 393659.8125 220351.5156
v  -412933.8125 393659.8125 220279.3438
# 8 vertices

vn 0.0070 -0.9992 -0.0382
vn -0.0070 0.9992 0.0382
vn -0.1808 -0.0389 0.9828
vn 0.9835 -0.0000 0.1809
vn 0.1808 0.0389 -0.9828
vn -0.9835 0.0000 -0.1809
# 6 vertex normals

vt 1.0000 0.0000 0.0000
vt 1.0000 1.0000 0.0000
vt 0.0000 1.0000 0.0000
vt 0.0000 0.0000 0.0000
# 4 texture coords

g Box22330
usemtl 02___Default
s off
f -8/-4/-6 -7/-3/-6 -6/-2/-6 -5/-1/-6 
f -4/-1/-5 -3/-4/-5 -2/-3/-5 -1/-2/-5 
f -8/-1/-4 -5/-4/-4 -3/-3/-4 -4/-2/-4 
f -5/-1/-3 -6/-4/-3 -2/-3/-3 -3/-2/-3 
f -6/-1/-2 -7/-4/-2 -1/-3/-2 -2/-2/-2 
f -7/-1/-1 -8/-4/-1 -4/-3/-1 -1/-2/-1 
# 6 polygons

#
# object Box22331
#

v  -403674.5938 393325.7813 229440.8438
v  -402347.0938 393611.1563 222224.4375
v  -401954.8438 393611.1563 222296.5938
v  -403282.3438 393325.7813 229513.0000
v  -403674.9375 393374.4375 229442.7031
v  -403282.6875 393374.4375 229514.8594
v  -401955.1875 393659.8125 222298.4688
v  -402347.4375 393659.8125 222226.2969
# 8 vertices

vn 0.0070 -0.9992 -0.0382
vn -0.0070 0.9992 0.0382
vn -0.1808 -0.0389 0.9828
vn 0.9835 -0.0000 0.1809
vn 0.1808 0.0389 -0.9828
vn -0.9835 0.0000 -0.1809
# 6 vertex normals

vt 1.0000 0.0000 0.0000
vt 1.0000 1.0000 0.0000
vt 0.0000 1.0000 0.0000
vt 0.0000 0.0000 0.0000
# 4 texture coords

g Box22331
usemtl 02___Default
s off
f -8/-4/-6 -7/-3/-6 -6/-2/-6 -5/-1/-6 
f -4/-1/-5 -3/-4/-5 -2/-3/-5 -1/-2/-5 
f -8/-1/-4 -5/-4/-4 -3/-3/-4 -4/-2/-4 
f -5/-1/-3 -6/-4/-3 -2/-3/-3 -3/-2/-3 
f -6/-1/-2 -7/-4/-2 -1/-3/-2 -2/-2/-2 
f -7/-1/-1 -8/-4/-1 -4/-3/-1 -1/-2/-1 
# 6 polygons

#
# object Box22332
#

v  -393090.3750 393325.7813 231388.3438
v  -391762.8750 393611.1563 224171.9375
v  -391370.6250 393611.1563 224244.0938
v  -392698.1250 393325.7813 231460.5000
v  -393090.7188 393374.4375 231390.2031
v  -392698.4688 393374.4375 231462.3594
v  -391370.9688 393659.8125 224245.9688
v  -391763.2188 393659.8125 224173.7969
# 8 vertices

vn 0.0070 -0.9992 -0.0382
vn -0.0070 0.9992 0.0382
vn -0.1808 -0.0389 0.9828
vn 0.9835 -0.0000 0.1809
vn 0.1808 0.0389 -0.9828
vn -0.9835 0.0000 -0.1809
# 6 vertex normals

vt 1.0000 0.0000 0.0000
vt 1.0000 1.0000 0.0000
vt 0.0000 1.0000 0.0000
vt 0.0000 0.0000 0.0000
# 4 texture coords

g Box22332
usemtl 02___Default
s off
f -8/-4/-6 -7/-3/-6 -6/-2/-6 -5/-1/-6 
f -4/-1/-5 -3/-4/-5 -2/-3/-5 -1/-2/-5 
f -8/-1/-4 -5/-4/-4 -3/-3/-4 -4/-2/-4 
f -5/-1/-3 -6/-4/-3 -2/-3/-3 -3/-2/-3 
f -6/-1/-2 -7/-4/-2 -1/-3/-2 -2/-2/-2 
f -7/-1/-1 -8/-4/-1 -4/-3/-1 -1/-2/-1 
# 6 polygons

#
# object Box22333
#

v  -382506.0625 393325.7813 233335.2188
v  -381178.5625 393611.1563 226118.8125
v  -380786.3125 393611.1563 226190.9688
v  -382113.8125 393325.7813 233407.3750
v  -382506.4063 393374.4375 233337.0781
v  -382114.1563 393374.4375 233409.2344
v  -380786.6563 393659.8125 226192.8438
v  -381178.9063 393659.8125 226120.6719
# 8 vertices

vn 0.0070 -0.9992 -0.0382
vn -0.0070 0.9992 0.0382
vn -0.1808 -0.0389 0.9828
vn 0.9835 -0.0000 0.1809
vn 0.1808 0.0389 -0.9828
vn -0.9835 0.0000 -0.1809
# 6 vertex normals

vt 1.0000 0.0000 0.0000
vt 1.0000 1.0000 0.0000
vt 0.0000 1.0000 0.0000
vt 0.0000 0.0000 0.0000
# 4 texture coords

g Box22333
usemtl 02___Default
s off
f -8/-4/-6 -7/-3/-6 -6/-2/-6 -5/-1/-6 
f -4/-1/-5 -3/-4/-5 -2/-3/-5 -1/-2/-5 
f -8/-1/-4 -5/-4/-4 -3/-3/-4 -4/-2/-4 
f -5/-1/-3 -6/-4/-3 -2/-3/-3 -3/-2/-3 
f -6/-1/-2 -7/-4/-2 -1/-3/-2 -2/-2/-2 
f -7/-1/-1 -8/-4/-1 -4/-3/-1 -1/-2/-1 
# 6 polygons

#
# object Box22334
#

v  -371920.4688 393325.7813 235282.6563
v  -370592.9688 393611.1563 228066.2500
v  -370200.7188 393611.1563 228138.4063
v  -371528.2188 393325.7813 235354.8125
v  -371920.8125 393374.4375 235284.5156
v  -371528.5625 393374.4375 235356.6719
v  -370201.0625 393659.8125 228140.2813
v  -370593.3125 393659.8125 228068.1094
# 8 vertices

vn 0.0070 -0.9992 -0.0382
vn -0.0070 0.9992 0.0382
vn -0.1808 -0.0389 0.9828
vn 0.9835 -0.0000 0.1809
vn 0.1808 0.0389 -0.9828
vn -0.9835 0.0000 -0.1809
# 6 vertex normals

vt 1.0000 0.0000 0.0000
vt 1.0000 1.0000 0.0000
vt 0.0000 1.0000 0.0000
vt 0.0000 0.0000 0.0000
# 4 texture coords

g Box22334
usemtl 02___Default
s off
f -8/-4/-6 -7/-3/-6 -6/-2/-6 -5/-1/-6 
f -4/-1/-5 -3/-4/-5 -2/-3/-5 -1/-2/-5 
f -8/-1/-4 -5/-4/-4 -3/-3/-4 -4/-2/-4 
f -5/-1/-3 -6/-4/-3 -2/-3/-3 -3/-2/-3 
f -6/-1/-2 -7/-4/-2 -1/-3/-2 -2/-2/-2 
f -7/-1/-1 -8/-4/-1 -4/-3/-1 -1/-2/-1 
# 6 polygons

#
# object Box22335
#

v  -361336.7813 393325.7813 237229.3906
v  -360009.2813 393611.1563 230012.9844
v  -359617.0313 393611.1563 230085.1406
v  -360944.5313 393325.7813 237301.5469
v  -361337.1250 393374.4375 237231.2500
v  -360944.8750 393374.4375 237303.4063
v  -359617.3750 393659.8125 230087.0156
v  -360009.6250 393659.8125 230014.8438
# 8 vertices

vn 0.0070 -0.9992 -0.0382
vn -0.0070 0.9992 0.0382
vn -0.1808 -0.0389 0.9828
vn 0.9835 -0.0000 0.1809
vn 0.1808 0.0389 -0.9828
vn -0.9835 0.0000 -0.1809
# 6 vertex normals

vt 1.0000 0.0000 0.0000
vt 1.0000 1.0000 0.0000
vt 0.0000 1.0000 0.0000
vt 0.0000 0.0000 0.0000
# 4 texture coords

g Box22335
usemtl 02___Default
s off
f -8/-4/-6 -7/-3/-6 -6/-2/-6 -5/-1/-6 
f -4/-1/-5 -3/-4/-5 -2/-3/-5 -1/-2/-5 
f -8/-1/-4 -5/-4/-4 -3/-3/-4 -4/-2/-4 
f -5/-1/-3 -6/-4/-3 -2/-3/-3 -3/-2/-3 
f -6/-1/-2 -7/-4/-2 -1/-3/-2 -2/-2/-2 
f -7/-1/-1 -8/-4/-1 -4/-3/-1 -1/-2/-1 
# 6 polygons

#
# object Box22336
#

v  -350751.8750 393325.7813 239177.0469
v  -349424.3750 393611.1563 231960.6406
v  -349032.1250 393611.1563 232032.7969
v  -350359.6250 393325.7813 239249.2031
v  -350752.2188 393374.4375 239178.9063
v  -350359.9688 393374.4375 239251.0625
v  -349032.4688 393659.8125 232034.6719
v  -349424.7188 393659.8125 231962.5000
# 8 vertices

vn 0.0070 -0.9992 -0.0382
vn -0.0070 0.9992 0.0382
vn -0.1808 -0.0389 0.9828
vn 0.9835 -0.0000 0.1809
vn 0.1808 0.0389 -0.9828
vn -0.9835 0.0000 -0.1809
# 6 vertex normals

vt 1.0000 0.0000 0.0000
vt 1.0000 1.0000 0.0000
vt 0.0000 1.0000 0.0000
vt 0.0000 0.0000 0.0000
# 4 texture coords

g Box22336
usemtl 02___Default
s off
f -8/-4/-6 -7/-3/-6 -6/-2/-6 -5/-1/-6 
f -4/-1/-5 -3/-4/-5 -2/-3/-5 -1/-2/-5 
f -8/-1/-4 -5/-4/-4 -3/-3/-4 -4/-2/-4 
f -5/-1/-3 -6/-4/-3 -2/-3/-3 -3/-2/-3 
f -6/-1/-2 -7/-4/-2 -1/-3/-2 -2/-2/-2 
f -7/-1/-1 -8/-4/-1 -4/-3/-1 -1/-2/-1 
# 6 polygons

#
# object Box22337
#

v  -340166.8750 393325.7813 241124.0469
v  -338839.3750 393611.1563 233907.6406
v  -338447.1250 393611.1563 233979.7969
v  -339774.6250 393325.7813 241196.2031
v  -340167.2188 393374.4375 241125.9063
v  -339774.9688 393374.4375 241198.0625
v  -338447.4688 393659.8125 233981.6719
v  -338839.7188 393659.8125 233909.5000
# 8 vertices

vn 0.0070 -0.9992 -0.0382
vn -0.0070 0.9992 0.0382
vn -0.1808 -0.0389 0.9828
vn 0.9835 -0.0000 0.1809
vn 0.1808 0.0389 -0.9828
vn -0.9835 0.0000 -0.1809
# 6 vertex normals

vt 1.0000 0.0000 0.0000
vt 1.0000 1.0000 0.0000
vt 0.0000 1.0000 0.0000
vt 0.0000 0.0000 0.0000
# 4 texture coords

g Box22337
usemtl 02___Default
s off
f -8/-4/-6 -7/-3/-6 -6/-2/-6 -5/-1/-6 
f -4/-1/-5 -3/-4/-5 -2/-3/-5 -1/-2/-5 
f -8/-1/-4 -5/-4/-4 -3/-3/-4 -4/-2/-4 
f -5/-1/-3 -6/-4/-3 -2/-3/-3 -3/-2/-3 
f -6/-1/-2 -7/-4/-2 -1/-3/-2 -2/-2/-2 
f -7/-1/-1 -8/-4/-1 -4/-3/-1 -1/-2/-1 
# 6 polygons

#
# object Box22338
#

v  -329582.6250 393325.7813 243071.5625
v  -328255.1250 393611.1563 235855.1563
v  -327862.8750 393611.1563 235927.3125
v  -329190.3750 393325.7813 243143.7188
v  -329582.9688 393374.4375 243073.4219
v  -329190.7188 393374.4375 243145.5781
v  -327863.2188 393659.8125 235929.1875
v  -328255.4688 393659.8125 235857.0156
# 8 vertices

vn 0.0070 -0.9992 -0.0382
vn -0.0070 0.9992 0.0382
vn -0.1808 -0.0389 0.9828
vn 0.9835 -0.0000 0.1809
vn 0.1808 0.0389 -0.9828
vn -0.9835 0.0000 -0.1809
# 6 vertex normals

vt 1.0000 0.0000 0.0000
vt 1.0000 1.0000 0.0000
vt 0.0000 1.0000 0.0000
vt 0.0000 0.0000 0.0000
# 4 texture coords

g Box22338
usemtl 02___Default
s off
f -8/-4/-6 -7/-3/-6 -6/-2/-6 -5/-1/-6 
f -4/-1/-5 -3/-4/-5 -2/-3/-5 -1/-2/-5 
f -8/-1/-4 -5/-4/-4 -3/-3/-4 -4/-2/-4 
f -5/-1/-3 -6/-4/-3 -2/-3/-3 -3/-2/-3 
f -6/-1/-2 -7/-4/-2 -1/-3/-2 -2/-2/-2 
f -7/-1/-1 -8/-4/-1 -4/-3/-1 -1/-2/-1 
# 6 polygons

#
# object Box22339
#

v  -318997.5313 393325.7813 245017.9063
v  -317670.0313 393611.1563 237801.5000
v  -317277.7813 393611.1563 237873.6563
v  -318605.2813 393325.7813 245090.0625
v  -318997.8750 393374.4375 245019.7656
v  -318605.6250 393374.4375 245091.9219
v  -317278.1250 393659.8125 237875.5313
v  -317670.3750 393659.8125 237803.3594
# 8 vertices

vn 0.0070 -0.9992 -0.0382
vn -0.0070 0.9992 0.0382
vn -0.1808 -0.0389 0.9828
vn 0.9835 -0.0000 0.1809
vn 0.1808 0.0389 -0.9828
vn -0.9835 0.0000 -0.1809
# 6 vertex normals

vt 1.0000 0.0000 0.0000
vt 1.0000 1.0000 0.0000
vt 0.0000 1.0000 0.0000
vt 0.0000 0.0000 0.0000
# 4 texture coords

g Box22339
usemtl 02___Default
s off
f -8/-4/-6 -7/-3/-6 -6/-2/-6 -5/-1/-6 
f -4/-1/-5 -3/-4/-5 -2/-3/-5 -1/-2/-5 
f -8/-1/-4 -5/-4/-4 -3/-3/-4 -4/-2/-4 
f -5/-1/-3 -6/-4/-3 -2/-3/-3 -3/-2/-3 
f -6/-1/-2 -7/-4/-2 -1/-3/-2 -2/-2/-2 
f -7/-1/-1 -8/-4/-1 -4/-3/-1 -1/-2/-1 
# 6 polygons

#
# object Box22340
#

v  -308412.0000 393325.7813 246965.6719
v  -307084.5000 393611.1563 239749.2656
v  -306692.2500 393611.1563 239821.4219
v  -308019.7500 393325.7813 247037.8281
v  -308412.3438 393374.4375 246967.5313
v  -308020.0938 393374.4375 247039.6875
v  -306692.5938 393659.8125 239823.2969
v  -307084.8438 393659.8125 239751.1250
# 8 vertices

vn 0.0070 -0.9992 -0.0382
vn -0.0070 0.9992 0.0382
vn -0.1808 -0.0389 0.9828
vn 0.9835 -0.0000 0.1809
vn 0.1808 0.0389 -0.9828
vn -0.9835 0.0000 -0.1809
# 6 vertex normals

vt 1.0000 0.0000 0.0000
vt 1.0000 1.0000 0.0000
vt 0.0000 1.0000 0.0000
vt 0.0000 0.0000 0.0000
# 4 texture coords

g Box22340
usemtl 02___Default
s off
f -8/-4/-6 -7/-3/-6 -6/-2/-6 -5/-1/-6 
f -4/-1/-5 -3/-4/-5 -2/-3/-5 -1/-2/-5 
f -8/-1/-4 -5/-4/-4 -3/-3/-4 -4/-2/-4 
f -5/-1/-3 -6/-4/-3 -2/-3/-3 -3/-2/-3 
f -6/-1/-2 -7/-4/-2 -1/-3/-2 -2/-2/-2 
f -7/-1/-1 -8/-4/-1 -4/-3/-1 -1/-2/-1 
# 6 polygons

#
# object Box22341
#

v  -297827.6250 393325.7813 248912.5313
v  -296500.1250 393611.1563 241696.1250
v  -296107.8750 393611.1563 241768.2813
v  -297435.3750 393325.7813 248984.6875
v  -297827.9688 393374.4375 248914.3906
v  -297435.7188 393374.4375 248986.5469
v  -296108.2188 393659.8125 241770.1563
v  -296500.4688 393659.8125 241697.9844
# 8 vertices

vn 0.0070 -0.9992 -0.0382
vn -0.0070 0.9992 0.0382
vn -0.1808 -0.0389 0.9828
vn 0.9835 -0.0000 0.1809
vn 0.1808 0.0389 -0.9828
vn -0.9835 0.0000 -0.1809
# 6 vertex normals

vt 1.0000 0.0000 0.0000
vt 1.0000 1.0000 0.0000
vt 0.0000 1.0000 0.0000
vt 0.0000 0.0000 0.0000
# 4 texture coords

g Box22341
usemtl 02___Default
s off
f -8/-4/-6 -7/-3/-6 -6/-2/-6 -5/-1/-6 
f -4/-1/-5 -3/-4/-5 -2/-3/-5 -1/-2/-5 
f -8/-1/-4 -5/-4/-4 -3/-3/-4 -4/-2/-4 
f -5/-1/-3 -6/-4/-3 -2/-3/-3 -3/-2/-3 
f -6/-1/-2 -7/-4/-2 -1/-3/-2 -2/-2/-2 
f -7/-1/-1 -8/-4/-1 -4/-3/-1 -1/-2/-1 
# 6 polygons

#
# object Box22342
#

v  -287243.4063 393325.7813 250860.0625
v  -285915.9063 393611.1563 243643.6563
v  -285523.6563 393611.1563 243715.8125
v  -286851.1563 393325.7813 250932.2188
v  -287243.7500 393374.4375 250861.9219
v  -286851.5000 393374.4375 250934.0781
v  -285524.0000 393659.8125 243717.6875
v  -285916.2500 393659.8125 243645.5156
# 8 vertices

vn 0.0070 -0.9992 -0.0382
vn -0.0070 0.9992 0.0382
vn -0.1808 -0.0389 0.9828
vn 0.9835 -0.0000 0.1809
vn 0.1808 0.0389 -0.9828
vn -0.9835 0.0000 -0.1809
# 6 vertex normals

vt 1.0000 0.0000 0.0000
vt 1.0000 1.0000 0.0000
vt 0.0000 1.0000 0.0000
vt 0.0000 0.0000 0.0000
# 4 texture coords

g Box22342
usemtl 02___Default
s off
f -8/-4/-6 -7/-3/-6 -6/-2/-6 -5/-1/-6 
f -4/-1/-5 -3/-4/-5 -2/-3/-5 -1/-2/-5 
f -8/-1/-4 -5/-4/-4 -3/-3/-4 -4/-2/-4 
f -5/-1/-3 -6/-4/-3 -2/-3/-3 -3/-2/-3 
f -6/-1/-2 -7/-4/-2 -1/-3/-2 -2/-2/-2 
f -7/-1/-1 -8/-4/-1 -4/-3/-1 -1/-2/-1 
# 6 polygons

#
# object Box22343
#

v  -276658.4375 393325.7813 252807.0781
v  -275330.9375 393611.1563 245590.6719
v  -274938.6875 393611.1563 245662.8281
v  -276266.1875 393325.7813 252879.2344
v  -276658.7813 393374.4375 252808.9375
v  -276266.5313 393374.4375 252881.0938
v  -274939.0313 393659.8125 245664.7031
v  -275331.2813 393659.8125 245592.5313
# 8 vertices

vn 0.0070 -0.9992 -0.0382
vn -0.0070 0.9992 0.0382
vn -0.1808 -0.0389 0.9828
vn 0.9835 -0.0000 0.1809
vn 0.1808 0.0389 -0.9828
vn -0.9835 0.0000 -0.1809
# 6 vertex normals

vt 1.0000 0.0000 0.0000
vt 1.0000 1.0000 0.0000
vt 0.0000 1.0000 0.0000
vt 0.0000 0.0000 0.0000
# 4 texture coords

g Box22343
usemtl 02___Default
s off
f -8/-4/-6 -7/-3/-6 -6/-2/-6 -5/-1/-6 
f -4/-1/-5 -3/-4/-5 -2/-3/-5 -1/-2/-5 
f -8/-1/-4 -5/-4/-4 -3/-3/-4 -4/-2/-4 
f -5/-1/-3 -6/-4/-3 -2/-3/-3 -3/-2/-3 
f -6/-1/-2 -7/-4/-2 -1/-3/-2 -2/-2/-2 
f -7/-1/-1 -8/-4/-1 -4/-3/-1 -1/-2/-1 
# 6 polygons

#
# object Box22344
#

v  -266675.3750 393325.7813 254643.3906
v  -265347.8750 393611.1563 247426.9844
v  -264955.6250 393611.1563 247499.1406
v  -266283.1250 393325.7813 254715.5469
v  -266675.7188 393374.4375 254645.2500
v  -266283.4688 393374.4375 254717.4063
v  -264955.9688 393659.8125 247501.0156
v  -265348.2188 393659.8125 247428.8438
# 8 vertices

vn 0.0070 -0.9992 -0.0382
vn -0.0070 0.9992 0.0382
vn -0.1808 -0.0389 0.9828
vn 0.9835 -0.0000 0.1809
vn 0.1808 0.0389 -0.9828
vn -0.9835 0.0000 -0.1809
# 6 vertex normals

vt 1.0000 0.0000 0.0000
vt 1.0000 1.0000 0.0000
vt 0.0000 1.0000 0.0000
vt 0.0000 0.0000 0.0000
# 4 texture coords

g Box22344
usemtl 02___Default
s off
f -8/-4/-6 -7/-3/-6 -6/-2/-6 -5/-1/-6 
f -4/-1/-5 -3/-4/-5 -2/-3/-5 -1/-2/-5 
f -8/-1/-4 -5/-4/-4 -3/-3/-4 -4/-2/-4 
f -5/-1/-3 -6/-4/-3 -2/-3/-3 -3/-2/-3 
f -6/-1/-2 -7/-4/-2 -1/-3/-2 -2/-2/-2 
f -7/-1/-1 -8/-4/-1 -4/-3/-1 -1/-2/-1 
# 6 polygons

#
# object Box22345
#

v  -256693.0469 393325.7813 256479.5781
v  -255365.5156 393611.1563 249263.1719
v  -254973.2656 393611.1563 249335.3281
v  -256300.7969 393325.7813 256551.7344
v  -256693.3750 393374.4375 256481.4375
v  -256301.1406 393374.4375 256553.5938
v  -254973.6094 393659.8125 249337.2031
v  -255365.8594 393659.8125 249265.0313
# 8 vertices

vn 0.0070 -0.9992 -0.0382
vn -0.0070 0.9992 0.0382
vn -0.1808 -0.0389 0.9828
vn 0.9835 -0.0000 0.1809
vn 0.1808 0.0389 -0.9828
vn -0.9835 0.0000 -0.1809
# 6 vertex normals

vt 1.0000 0.0000 0.0000
vt 1.0000 1.0000 0.0000
vt 0.0000 1.0000 0.0000
vt 0.0000 0.0000 0.0000
# 4 texture coords

g Box22345
usemtl 02___Default
s off
f -8/-4/-6 -7/-3/-6 -6/-2/-6 -5/-1/-6 
f -4/-1/-5 -3/-4/-5 -2/-3/-5 -1/-2/-5 
f -8/-1/-4 -5/-4/-4 -3/-3/-4 -4/-2/-4 
f -5/-1/-3 -6/-4/-3 -2/-3/-3 -3/-2/-3 
f -6/-1/-2 -7/-4/-2 -1/-3/-2 -2/-2/-2 
f -7/-1/-1 -8/-4/-1 -4/-3/-1 -1/-2/-1 
# 6 polygons

#
# object Box22346
#

v  -246709.3906 393325.7813 258316.0313
v  -245381.8594 393611.1563 251099.6250
v  -244989.6094 393611.1563 251171.7813
v  -246317.1406 393325.7813 258388.1875
v  -246709.7188 393374.4375 258317.8906
v  -246317.4844 393374.4375 258390.0469
v  -244989.9531 393659.8125 251173.6563
v  -245382.2031 393659.8125 251101.4844
# 8 vertices

vn 0.0070 -0.9992 -0.0382
vn -0.0070 0.9992 0.0382
vn -0.1808 -0.0389 0.9828
vn 0.9835 -0.0000 0.1809
vn 0.1808 0.0389 -0.9828
vn -0.9835 0.0000 -0.1809
# 6 vertex normals

vt 1.0000 0.0000 0.0000
vt 1.0000 1.0000 0.0000
vt 0.0000 1.0000 0.0000
vt 0.0000 0.0000 0.0000
# 4 texture coords

g Box22346
usemtl 02___Default
s off
f -8/-4/-6 -7/-3/-6 -6/-2/-6 -5/-1/-6 
f -4/-1/-5 -3/-4/-5 -2/-3/-5 -1/-2/-5 
f -8/-1/-4 -5/-4/-4 -3/-3/-4 -4/-2/-4 
f -5/-1/-3 -6/-4/-3 -2/-3/-3 -3/-2/-3 
f -6/-1/-2 -7/-4/-2 -1/-3/-2 -2/-2/-2 
f -7/-1/-1 -8/-4/-1 -4/-3/-1 -1/-2/-1 
# 6 polygons

#
# object Box22347
#

v  -236727.1719 393325.7813 260152.8750
v  -235399.6406 393611.1563 252936.4688
v  -235007.3906 393611.1563 253008.6250
v  -236334.9219 393325.7813 260225.0313
v  -236727.5000 393374.4375 260154.7344
v  -236335.2656 393374.4375 260226.8906
v  -235007.7344 393659.8125 253010.5000
v  -235399.9844 393659.8125 252938.3281
# 8 vertices

vn 0.0070 -0.9992 -0.0382
vn -0.0070 0.9992 0.0382
vn -0.1808 -0.0389 0.9828
vn 0.9835 -0.0000 0.1809
vn 0.1808 0.0389 -0.9828
vn -0.9835 0.0000 -0.1809
# 6 vertex normals

vt 1.0000 0.0000 0.0000
vt 1.0000 1.0000 0.0000
vt 0.0000 1.0000 0.0000
vt 0.0000 0.0000 0.0000
# 4 texture coords

g Box22347
usemtl 02___Default
s off
f -8/-4/-6 -7/-3/-6 -6/-2/-6 -5/-1/-6 
f -4/-1/-5 -3/-4/-5 -2/-3/-5 -1/-2/-5 
f -8/-1/-4 -5/-4/-4 -3/-3/-4 -4/-2/-4 
f -5/-1/-3 -6/-4/-3 -2/-3/-3 -3/-2/-3 
f -6/-1/-2 -7/-4/-2 -1/-3/-2 -2/-2/-2 
f -7/-1/-1 -8/-4/-1 -4/-3/-1 -1/-2/-1 
# 6 polygons

#
# object Box22348
#

v  -226744.8281 393325.7813 261989.0781
v  -225417.2969 393611.1563 254772.6719
v  -225025.0469 393611.1563 254844.8281
v  -226352.5781 393325.7813 262061.2344
v  -226745.1563 393374.4375 261990.9375
v  -226352.9219 393374.4375 262063.0938
v  -225025.3906 393659.8125 254846.7031
v  -225417.6406 393659.8125 254774.5313
# 8 vertices

vn 0.0070 -0.9992 -0.0382
vn -0.0070 0.9992 0.0382
vn -0.1808 -0.0389 0.9828
vn 0.9835 -0.0000 0.1809
vn 0.1808 0.0389 -0.9828
vn -0.9835 0.0000 -0.1809
# 6 vertex normals

vt 1.0000 0.0000 0.0000
vt 1.0000 1.0000 0.0000
vt 0.0000 1.0000 0.0000
vt 0.0000 0.0000 0.0000
# 4 texture coords

g Box22348
usemtl 02___Default
s off
f -8/-4/-6 -7/-3/-6 -6/-2/-6 -5/-1/-6 
f -4/-1/-5 -3/-4/-5 -2/-3/-5 -1/-2/-5 
f -8/-1/-4 -5/-4/-4 -3/-3/-4 -4/-2/-4 
f -5/-1/-3 -6/-4/-3 -2/-3/-3 -3/-2/-3 
f -6/-1/-2 -7/-4/-2 -1/-3/-2 -2/-2/-2 
f -7/-1/-1 -8/-4/-1 -4/-3/-1 -1/-2/-1 
# 6 polygons

#
# object Box22349
#

v  -216761.8125 393325.7813 263825.3750
v  -215434.2813 393611.1563 256608.9688
v  -215042.0313 393611.1563 256681.1250
v  -216369.5625 393325.7813 263897.5313
v  -216762.1406 393374.4375 263827.2188
v  -216369.9063 393374.4375 263899.3750
v  -215042.3750 393659.8125 256683.0000
v  -215434.6250 393659.8125 256610.8281
# 8 vertices

vn 0.0070 -0.9992 -0.0382
vn -0.0070 0.9992 0.0382
vn -0.1808 -0.0389 0.9828
vn 0.9835 -0.0000 0.1809
vn 0.1808 0.0389 -0.9828
vn -0.9835 0.0000 -0.1809
# 6 vertex normals

vt 1.0000 0.0000 0.0000
vt 1.0000 1.0000 0.0000
vt 0.0000 1.0000 0.0000
vt 0.0000 0.0000 0.0000
# 4 texture coords

g Box22349
usemtl 02___Default
s off
f -8/-4/-6 -7/-3/-6 -6/-2/-6 -5/-1/-6 
f -4/-1/-5 -3/-4/-5 -2/-3/-5 -1/-2/-5 
f -8/-1/-4 -5/-4/-4 -3/-3/-4 -4/-2/-4 
f -5/-1/-3 -6/-4/-3 -2/-3/-3 -3/-2/-3 
f -6/-1/-2 -7/-4/-2 -1/-3/-2 -2/-2/-2 
f -7/-1/-1 -8/-4/-1 -4/-3/-1 -1/-2/-1 
# 6 polygons

#
# object Box22350
#

v  -206778.2813 393325.7813 265662.5000
v  -205450.7500 393611.1563 258446.0938
v  -205058.5000 393611.1563 258518.2500
v  -206386.0313 393325.7813 265734.6563
v  -206778.6094 393374.4375 265664.3438
v  -206386.3750 393374.4375 265736.5000
v  -205058.8438 393659.8125 258520.1250
v  -205451.0938 393659.8125 258447.9531
# 8 vertices

vn 0.0070 -0.9992 -0.0382
vn -0.0070 0.9992 0.0382
vn -0.1808 -0.0389 0.9828
vn 0.9835 -0.0000 0.1809
vn 0.1808 0.0389 -0.9828
vn -0.9835 0.0000 -0.1809
# 6 vertex normals

vt 1.0000 0.0000 0.0000
vt 1.0000 1.0000 0.0000
vt 0.0000 1.0000 0.0000
vt 0.0000 0.0000 0.0000
# 4 texture coords

g Box22350
usemtl 02___Default
s off
f -8/-4/-6 -7/-3/-6 -6/-2/-6 -5/-1/-6 
f -4/-1/-5 -3/-4/-5 -2/-3/-5 -1/-2/-5 
f -8/-1/-4 -5/-4/-4 -3/-3/-4 -4/-2/-4 
f -5/-1/-3 -6/-4/-3 -2/-3/-3 -3/-2/-3 
f -6/-1/-2 -7/-4/-2 -1/-3/-2 -2/-2/-2 
f -7/-1/-1 -8/-4/-1 -4/-3/-1 -1/-2/-1 
# 6 polygons

#
# object Box22351
#

v  -490795.8750 393327.1250 213412.3438
v  -490293.1250 393609.8125 210679.4688
v  -489900.8750 393609.8125 210751.6250
v  -490403.6250 393327.1250 213484.5000
v  -490796.7500 393375.5625 213417.1875
v  -490404.5000 393375.5625 213489.3438
v  -489901.7813 393658.2500 210756.4844
v  -490294.0313 393658.2500 210684.3125
# 8 vertices

vn 0.0183 -0.9949 -0.0995
vn -0.0183 0.9949 0.0995
vn -0.1800 -0.1012 0.9784
vn 0.9835 -0.0000 0.1809
vn 0.1800 0.1012 -0.9784
vn -0.9835 0.0000 -0.1809
# 6 vertex normals

vt 1.0000 0.0000 0.0000
vt 1.0000 1.0000 0.0000
vt 0.0000 1.0000 0.0000
vt 0.0000 0.0000 0.0000
# 4 texture coords

g Box22351
usemtl 02___Default
s off
f -8/-4/-6 -7/-3/-6 -6/-2/-6 -5/-1/-6 
f -4/-1/-5 -3/-4/-5 -2/-3/-5 -1/-2/-5 
f -8/-1/-4 -5/-4/-4 -3/-3/-4 -4/-2/-4 
f -5/-1/-3 -6/-4/-3 -2/-3/-3 -3/-2/-3 
f -6/-1/-2 -7/-4/-2 -1/-3/-2 -2/-2/-2 
f -7/-1/-1 -8/-4/-1 -4/-3/-1 -1/-2/-1 
# 6 polygons

#
# object Box22352
#

v  -493093.4063 393327.1250 212990.0781
v  -492590.6563 393609.8125 210257.2031
v  -492198.4063 393609.8125 210329.3594
v  -492701.1563 393327.1250 213062.2344
v  -493094.2813 393375.5625 212994.9219
v  -492702.0313 393375.5625 213067.0781
v  -492199.3125 393658.2500 210334.2188
v  -492591.5625 393658.2500 210262.0469
# 8 vertices

vn 0.0183 -0.9949 -0.0995
vn -0.0183 0.9949 0.0995
vn -0.1800 -0.1012 0.9784
vn 0.9835 -0.0000 0.1809
vn 0.1800 0.1012 -0.9784
vn -0.9835 0.0000 -0.1809
# 6 vertex normals

vt 1.0000 0.0000 0.0000
vt 1.0000 1.0000 0.0000
vt 0.0000 1.0000 0.0000
vt 0.0000 0.0000 0.0000
# 4 texture coords

g Box22352
usemtl 02___Default
s off
f -8/-4/-6 -7/-3/-6 -6/-2/-6 -5/-1/-6 
f -4/-1/-5 -3/-4/-5 -2/-3/-5 -1/-2/-5 
f -8/-1/-4 -5/-4/-4 -3/-3/-4 -4/-2/-4 
f -5/-1/-3 -6/-4/-3 -2/-3/-3 -3/-2/-3 
f -6/-1/-2 -7/-4/-2 -1/-3/-2 -2/-2/-2 
f -7/-1/-1 -8/-4/-1 -4/-3/-1 -1/-2/-1 
# 6 polygons

#
# object Box22353
#

v  -495388.1563 393327.1250 212567.3750
v  -494885.4063 393609.8125 209834.5000
v  -494493.1563 393609.8125 209906.6563
v  -494995.9063 393327.1250 212639.5313
v  -495389.0313 393375.5625 212572.2188
v  -494996.7813 393375.5625 212644.3750
v  -494494.0625 393658.2500 209911.5156
v  -494886.3125 393658.2500 209839.3438
# 8 vertices

vn 0.0183 -0.9949 -0.0995
vn -0.0183 0.9949 0.0995
vn -0.1800 -0.1012 0.9784
vn 0.9835 -0.0000 0.1809
vn 0.1800 0.1012 -0.9784
vn -0.9835 0.0000 -0.1809
# 6 vertex normals

vt 1.0000 0.0000 0.0000
vt 1.0000 1.0000 0.0000
vt 0.0000 1.0000 0.0000
vt 0.0000 0.0000 0.0000
# 4 texture coords

g Box22353
usemtl 02___Default
s off
f -8/-4/-6 -7/-3/-6 -6/-2/-6 -5/-1/-6 
f -4/-1/-5 -3/-4/-5 -2/-3/-5 -1/-2/-5 
f -8/-1/-4 -5/-4/-4 -3/-3/-4 -4/-2/-4 
f -5/-1/-3 -6/-4/-3 -2/-3/-3 -3/-2/-3 
f -6/-1/-2 -7/-4/-2 -1/-3/-2 -2/-2/-2 
f -7/-1/-1 -8/-4/-1 -4/-3/-1 -1/-2/-1 
# 6 polygons

#
# object Box22354
#

v  -497685.6250 393327.1250 212145.1250
v  -497182.8750 393609.8125 209412.2500
v  -496790.6250 393609.8125 209484.4063
v  -497293.3750 393327.1250 212217.2813
v  -497686.5000 393375.5625 212149.9688
v  -497294.2500 393375.5625 212222.1250
v  -496791.5313 393658.2500 209489.2656
v  -497183.7813 393658.2500 209417.0938
# 8 vertices

vn 0.0183 -0.9949 -0.0995
vn -0.0183 0.9949 0.0995
vn -0.1800 -0.1012 0.9784
vn 0.9835 -0.0000 0.1809
vn 0.1800 0.1012 -0.9784
vn -0.9835 0.0000 -0.1809
# 6 vertex normals

vt 1.0000 0.0000 0.0000
vt 1.0000 1.0000 0.0000
vt 0.0000 1.0000 0.0000
vt 0.0000 0.0000 0.0000
# 4 texture coords

g Box22354
usemtl 02___Default
s off
f -8/-4/-6 -7/-3/-6 -6/-2/-6 -5/-1/-6 
f -4/-1/-5 -3/-4/-5 -2/-3/-5 -1/-2/-5 
f -8/-1/-4 -5/-4/-4 -3/-3/-4 -4/-2/-4 
f -5/-1/-3 -6/-4/-3 -2/-3/-3 -3/-2/-3 
f -6/-1/-2 -7/-4/-2 -1/-3/-2 -2/-2/-2 
f -7/-1/-1 -8/-4/-1 -4/-3/-1 -1/-2/-1 
# 6 polygons

#
# object Box22355
#

v  -481860.7188 393327.1250 215056.0938
v  -481357.9688 393609.8125 212323.2188
v  -480965.7188 393609.8125 212395.3750
v  -481468.4688 393327.1250 215128.2500
v  -481861.5938 393375.5625 215060.9375
v  -481469.3438 393375.5625 215133.0938
v  -480966.6250 393658.2500 212400.2344
v  -481358.8750 393658.2500 212328.0625
# 8 vertices

vn 0.0183 -0.9949 -0.0995
vn -0.0183 0.9949 0.0995
vn -0.1800 -0.1012 0.9784
vn 0.9835 -0.0000 0.1809
vn 0.1800 0.1012 -0.9784
vn -0.9835 0.0000 -0.1809
# 6 vertex normals

vt 1.0000 0.0000 0.0000
vt 1.0000 1.0000 0.0000
vt 0.0000 1.0000 0.0000
vt 0.0000 0.0000 0.0000
# 4 texture coords

g Box22355
usemtl 02___Default
s off
f -8/-4/-6 -7/-3/-6 -6/-2/-6 -5/-1/-6 
f -4/-1/-5 -3/-4/-5 -2/-3/-5 -1/-2/-5 
f -8/-1/-4 -5/-4/-4 -3/-3/-4 -4/-2/-4 
f -5/-1/-3 -6/-4/-3 -2/-3/-3 -3/-2/-3 
f -6/-1/-2 -7/-4/-2 -1/-3/-2 -2/-2/-2 
f -7/-1/-1 -8/-4/-1 -4/-3/-1 -1/-2/-1 
# 6 polygons

#
# object Box22356
#

v  -479564.5625 393327.1250 215478.3906
v  -479061.8125 393609.8125 212745.5156
v  -478669.5625 393609.8125 212817.6719
v  -479172.3125 393327.1250 215550.5469
v  -479565.4375 393375.5625 215483.2344
v  -479173.1875 393375.5625 215555.3906
v  -478670.4688 393658.2500 212822.5313
v  -479062.7188 393658.2500 212750.3594
# 8 vertices

vn 0.0183 -0.9949 -0.0995
vn -0.0183 0.9949 0.0995
vn -0.1800 -0.1012 0.9784
vn 0.9835 -0.0000 0.1809
vn 0.1800 0.1012 -0.9784
vn -0.9835 0.0000 -0.1809
# 6 vertex normals

vt 1.0000 0.0000 0.0000
vt 1.0000 1.0000 0.0000
vt 0.0000 1.0000 0.0000
vt 0.0000 0.0000 0.0000
# 4 texture coords

g Box22356
usemtl 02___Default
s off
f -8/-4/-6 -7/-3/-6 -6/-2/-6 -5/-1/-6 
f -4/-1/-5 -3/-4/-5 -2/-3/-5 -1/-2/-5 
f -8/-1/-4 -5/-4/-4 -3/-3/-4 -4/-2/-4 
f -5/-1/-3 -6/-4/-3 -2/-3/-3 -3/-2/-3 
f -6/-1/-2 -7/-4/-2 -1/-3/-2 -2/-2/-2 
f -7/-1/-1 -8/-4/-1 -4/-3/-1 -1/-2/-1 
# 6 polygons

#
# object Box22357
#

v  -484156.8750 393327.1250 214633.4375
v  -483654.1250 393609.8125 211900.5625
v  -483261.8750 393609.8125 211972.7188
v  -483764.6250 393327.1250 214705.5938
v  -484157.7500 393375.5625 214638.2813
v  -483765.5000 393375.5625 214710.4375
v  -483262.7813 393658.2500 211977.5781
v  -483655.0313 393658.2500 211905.4063
# 8 vertices

vn 0.0183 -0.9949 -0.0995
vn -0.0183 0.9949 0.0995
vn -0.1800 -0.1012 0.9784
vn 0.9835 -0.0000 0.1809
vn 0.1800 0.1012 -0.9784
vn -0.9835 0.0000 -0.1809
# 6 vertex normals

vt 1.0000 0.0000 0.0000
vt 1.0000 1.0000 0.0000
vt 0.0000 1.0000 0.0000
vt 0.0000 0.0000 0.0000
# 4 texture coords

g Box22357
usemtl 02___Default
s off
f -8/-4/-6 -7/-3/-6 -6/-2/-6 -5/-1/-6 
f -4/-1/-5 -3/-4/-5 -2/-3/-5 -1/-2/-5 
f -8/-1/-4 -5/-4/-4 -3/-3/-4 -4/-2/-4 
f -5/-1/-3 -6/-4/-3 -2/-3/-3 -3/-2/-3 
f -6/-1/-2 -7/-4/-2 -1/-3/-2 -2/-2/-2 
f -7/-1/-1 -8/-4/-1 -4/-3/-1 -1/-2/-1 
# 6 polygons

#
# object Box22358
#

v  -486453.7500 393327.1250 214211.6719
v  -485951.0000 393609.8125 211478.7969
v  -485558.7500 393609.8125 211550.9531
v  -486061.5000 393327.1250 214283.8281
v  -486454.6250 393375.5625 214216.5156
v  -486062.3750 393375.5625 214288.6719
v  -485559.6563 393658.2500 211555.8125
v  -485951.9063 393658.2500 211483.6406
# 8 vertices

vn 0.0183 -0.9949 -0.0995
vn -0.0183 0.9949 0.0995
vn -0.1800 -0.1012 0.9784
vn 0.9835 -0.0000 0.1809
vn 0.1800 0.1012 -0.9784
vn -0.9835 0.0000 -0.1809
# 6 vertex normals

vt 1.0000 0.0000 0.0000
vt 1.0000 1.0000 0.0000
vt 0.0000 1.0000 0.0000
vt 0.0000 0.0000 0.0000
# 4 texture coords

g Box22358
usemtl 02___Default
s off
f -8/-4/-6 -7/-3/-6 -6/-2/-6 -5/-1/-6 
f -4/-1/-5 -3/-4/-5 -2/-3/-5 -1/-2/-5 
f -8/-1/-4 -5/-4/-4 -3/-3/-4 -4/-2/-4 
f -5/-1/-3 -6/-4/-3 -2/-3/-3 -3/-2/-3 
f -6/-1/-2 -7/-4/-2 -1/-3/-2 -2/-2/-2 
f -7/-1/-1 -8/-4/-1 -4/-3/-1 -1/-2/-1 
# 6 polygons

#
# object Box22359
#

v  -471194.3125 393327.1250 217017.7813
v  -470691.5625 393609.8125 214284.9063
v  -470299.3125 393609.8125 214357.0625
v  -470802.0625 393327.1250 217089.9375
v  -471195.1875 393375.5625 217022.6250
v  -470802.9375 393375.5625 217094.7813
v  -470300.2188 393658.2500 214361.9219
v  -470692.4688 393658.2500 214289.7500
# 8 vertices

vn 0.0183 -0.9949 -0.0995
vn -0.0183 0.9949 0.0995
vn -0.1800 -0.1012 0.9784
vn 0.9835 -0.0000 0.1809
vn 0.1800 0.1012 -0.9784
vn -0.9835 0.0000 -0.1809
# 6 vertex normals

vt 1.0000 0.0000 0.0000
vt 1.0000 1.0000 0.0000
vt 0.0000 1.0000 0.0000
vt 0.0000 0.0000 0.0000
# 4 texture coords

g Box22359
usemtl 02___Default
s off
f -8/-4/-6 -7/-3/-6 -6/-2/-6 -5/-1/-6 
f -4/-1/-5 -3/-4/-5 -2/-3/-5 -1/-2/-5 
f -8/-1/-4 -5/-4/-4 -3/-3/-4 -4/-2/-4 
f -5/-1/-3 -6/-4/-3 -2/-3/-3 -3/-2/-3 
f -6/-1/-2 -7/-4/-2 -1/-3/-2 -2/-2/-2 
f -7/-1/-1 -8/-4/-1 -4/-3/-1 -1/-2/-1 
# 6 polygons

#
# object Box22360
#

v  -468896.9375 393327.1250 217441.0156
v  -468394.1875 393609.8125 214708.1406
v  -468001.9375 393609.8125 214780.2969
v  -468504.6875 393327.1250 217513.1719
v  -468897.8125 393375.5625 217445.8594
v  -468505.5625 393375.5625 217518.0156
v  -468002.8438 393658.2500 214785.1563
v  -468395.0938 393658.2500 214712.9844
# 8 vertices

vn 0.0183 -0.9949 -0.0995
vn -0.0183 0.9949 0.0995
vn -0.1800 -0.1012 0.9784
vn 0.9835 -0.0000 0.1809
vn 0.1800 0.1012 -0.9784
vn -0.9835 0.0000 -0.1809
# 6 vertex normals

vt 1.0000 0.0000 0.0000
vt 1.0000 1.0000 0.0000
vt 0.0000 1.0000 0.0000
vt 0.0000 0.0000 0.0000
# 4 texture coords

g Box22360
usemtl 02___Default
s off
f -8/-4/-6 -7/-3/-6 -6/-2/-6 -5/-1/-6 
f -4/-1/-5 -3/-4/-5 -2/-3/-5 -1/-2/-5 
f -8/-1/-4 -5/-4/-4 -3/-3/-4 -4/-2/-4 
f -5/-1/-3 -6/-4/-3 -2/-3/-3 -3/-2/-3 
f -6/-1/-2 -7/-4/-2 -1/-3/-2 -2/-2/-2 
f -7/-1/-1 -8/-4/-1 -4/-3/-1 -1/-2/-1 
# 6 polygons

#
# object Box22361
#

v  -473489.2188 393327.1250 216596.0625
v  -472986.4688 393609.8125 213863.1875
v  -472594.2188 393609.8125 213935.3438
v  -473096.9688 393327.1250 216668.2188
v  -473490.0938 393375.5625 216600.9063
v  -473097.8438 393375.5625 216673.0625
v  -472595.1250 393658.2500 213940.2031
v  -472987.3750 393658.2500 213868.0313
# 8 vertices

vn 0.0183 -0.9949 -0.0995
vn -0.0183 0.9949 0.0995
vn -0.1800 -0.1012 0.9784
vn 0.9835 -0.0000 0.1809
vn 0.1800 0.1012 -0.9784
vn -0.9835 0.0000 -0.1809
# 6 vertex normals

vt 1.0000 0.0000 0.0000
vt 1.0000 1.0000 0.0000
vt 0.0000 1.0000 0.0000
vt 0.0000 0.0000 0.0000
# 4 texture coords

g Box22361
usemtl 02___Default
s off
f -8/-4/-6 -7/-3/-6 -6/-2/-6 -5/-1/-6 
f -4/-1/-5 -3/-4/-5 -2/-3/-5 -1/-2/-5 
f -8/-1/-4 -5/-4/-4 -3/-3/-4 -4/-2/-4 
f -5/-1/-3 -6/-4/-3 -2/-3/-3 -3/-2/-3 
f -6/-1/-2 -7/-4/-2 -1/-3/-2 -2/-2/-2 
f -7/-1/-1 -8/-4/-1 -4/-3/-1 -1/-2/-1 
# 6 polygons

#
# object Box22362
#

v  -475786.6563 393327.1250 216173.1563
v  -475283.9063 393609.8125 213440.2813
v  -474891.6563 393609.8125 213512.4375
v  -475394.4063 393327.1250 216245.3125
v  -475787.5313 393375.5625 216178.0000
v  -475395.2813 393375.5625 216250.1563
v  -474892.5625 393658.2500 213517.2969
v  -475284.8125 393658.2500 213445.1250
# 8 vertices

vn 0.0183 -0.9949 -0.0995
vn -0.0183 0.9949 0.0995
vn -0.1800 -0.1012 0.9784
vn 0.9835 -0.0000 0.1809
vn 0.1800 0.1012 -0.9784
vn -0.9835 0.0000 -0.1809
# 6 vertex normals

vt 1.0000 0.0000 0.0000
vt 1.0000 1.0000 0.0000
vt 0.0000 1.0000 0.0000
vt 0.0000 0.0000 0.0000
# 4 texture coords

g Box22362
usemtl 02___Default
s off
f -8/-4/-6 -7/-3/-6 -6/-2/-6 -5/-1/-6 
f -4/-1/-5 -3/-4/-5 -2/-3/-5 -1/-2/-5 
f -8/-1/-4 -5/-4/-4 -3/-3/-4 -4/-2/-4 
f -5/-1/-3 -6/-4/-3 -2/-3/-3 -3/-2/-3 
f -6/-1/-2 -7/-4/-2 -1/-3/-2 -2/-2/-2 
f -7/-1/-1 -8/-4/-1 -4/-3/-1 -1/-2/-1 
# 6 polygons

#
# object Box22363
#

v  -460678.2813 393327.1250 218952.8594
v  -460175.5313 393609.8125 216219.9844
v  -459783.2813 393609.8125 216292.1406
v  -460286.0313 393327.1250 219025.0156
v  -460679.1563 393375.5625 218957.7031
v  -460286.9063 393375.5625 219029.8594
v  -459784.1875 393658.2500 216297.0000
v  -460176.4375 393658.2500 216224.8281
# 8 vertices

vn 0.0183 -0.9949 -0.0995
vn -0.0183 0.9949 0.0995
vn -0.1800 -0.1012 0.9784
vn 0.9835 -0.0000 0.1809
vn 0.1800 0.1012 -0.9784
vn -0.9835 0.0000 -0.1809
# 6 vertex normals

vt 1.0000 0.0000 0.0000
vt 1.0000 1.0000 0.0000
vt 0.0000 1.0000 0.0000
vt 0.0000 0.0000 0.0000
# 4 texture coords

g Box22363
usemtl 02___Default
s off
f -8/-4/-6 -7/-3/-6 -6/-2/-6 -5/-1/-6 
f -4/-1/-5 -3/-4/-5 -2/-3/-5 -1/-2/-5 
f -8/-1/-4 -5/-4/-4 -3/-3/-4 -4/-2/-4 
f -5/-1/-3 -6/-4/-3 -2/-3/-3 -3/-2/-3 
f -6/-1/-2 -7/-4/-2 -1/-3/-2 -2/-2/-2 
f -7/-1/-1 -8/-4/-1 -4/-3/-1 -1/-2/-1 
# 6 polygons

#
# object Box22364
#

v  -458381.5313 393327.1250 219375.6406
v  -457878.7813 393609.8125 216642.7656
v  -457486.5313 393609.8125 216714.9219
v  -457989.2813 393327.1250 219447.7969
v  -458382.4063 393375.5625 219380.4844
v  -457990.1563 393375.5625 219452.6406
v  -457487.4375 393658.2500 216719.7813
v  -457879.6875 393658.2500 216647.6094
